(0.131538,7.82637e-06) 0
(0.45865,0.755605) 1
(0.218959,0.532767) 1
(0.678865,0.0470446) 0
(0.934693,0.679296) 1
(0.519416,0.383502) 1
(0.0345721,0.830965) 1
(0.5297,0.0534616) 0
(0.00769819,0.671149) 1
(0.0668422,0.383416) 1
(0.686773,0.417486) 0
(0.930436,0.588977) 0
(0.526929,0.846167) 1
(0.653919,0.0919649) 0
(0.701191,0.415999) 0
(0.762198,0.910321) 1
(0.0474645,0.262453) 1
(0.328234,0.736082) 1
(0.75641,0.632639) 1
(0.365339,0.991037) 1
(0.98255,0.247039) 0
(0.753356,0.72266) 1
(0.0726859,0.651519) 1
(0.884707,0.631635) 1
(0.436411,0.27271) 0
(0.477732,0.766495) 1
(0.274907,0.237774) 1
(0.166507,0.359265) 1
(0.897656,0.486517) 0
(0.0605643,0.909208) 1
(0.504523,0.904653) 1
(0.319033,0.516292) 1
(0.493977,0.986642) 1
(0.0907329,0.266145) 1
(0.0737491,0.947764) 1
(0.384142,0.500707) 1
(0.913817,0.277082) 0
(0.464446,0.529747) 1
(0.050084,0.94098) 1
(0.770205,0.761514) 1
(0.125365,0.827817) 1
(0.688455,0.0158677) 0
(0.629543,0.868247) 1
(0.725412,0.736225) 1
(0.888572,0.999458) 1
(0.306322,0.233195) 1
(0.513274,0.351015) 1
(0.845982,0.591114) 1
(0.841511,0.412081) 0
(0.415395,0.269317) 0
(0.467917,0.537304) 1
(0.178328,0.287212) 1
(0.571655,0.15372) 0
(0.0330538,0.802406) 1
(0.49848,0.53445) 1
(0.748293,0.955361) 1
(0.890737,0.554584) 0
(0.84204,0.624849) 1
(0.212752,0.159768) 1
(0.130427,0.71471) 1
(0.274588,0.0909903) 0
(0.414293,0.0029996) 0
(0.70982,0.0268763) 0
(0.239911,0.937897) 1
(0.31754,0.180896) 0
(0.652059,0.886991) 1
(0.681346,0.150335) 0
(0.387725,0.385815) 1
(0.147533,0.499741) 1
(0.845576,0.587187) 1
(0.955409,0.590109) 0
(0.148152,0.556146) 1
(0.408767,0.983305) 1
(0.564899,0.14182) 0
(0.488515,0.252126) 0
(0.961095,0.464031) 0
(0.199757,0.126031) 0
(0.629269,0.31925) 0
(0.651254,0.126712) 0
(0.803073,0.621634) 1
(0.476432,0.247842) 0
(0.20325,0.389314) 1
(0.901673,0.0283752) 0
(0.142021,0.426497) 1
(0.410313,0.947487) 1
(0.885648,0.131189) 0
(0.162199,0.0921736) 0
(0.365339,0.0710636) 0
(0.135109,0.253057) 1
(0.455307,0.783153) 1
(0.4523,0.349524) 1
(0.931674,0.808945) 1
(0.215248,0.651646) 1
(0.908922,0.679592) 1
(0.86086,0.250126) 0
(0.505956,0.471262) 1
(0.817562,0.600394) 1
(0.462245,0.755844) 1
(0.632739,0.951367) 1
(0.824697,0.43933) 0
(0.702207,0.688981) 1
(0.954415,0.987145) 1
(0.289316,0.85127) 1
(0.514435,0.537426) 1
(0.414028,0.103434) 0
(0.876566,0.576717) 0
(0.729748,0.440039) 0
(0.715642,0.869264) 1
(0.706535,0.80072) 1
(0.0190924,0.741716) 1
(0.524987,0.886031) 1
(0.0651939,0.463323) 1
(0.488943,0.713422) 1
(0.682049,0.667679) 1
(0.916634,0.199555) 0
(0.890019,0.865883) 1
(0.139195,0.543948) 1
(0.989362,0.450347) 0
(0.446023,0.215532) 0
(0.514659,0.315732) 0
(0.439726,0.881504) 1
(0.80665,0.467532) 0
(0.211519,0.365158) 1
(0.153604,0.999117) 1
(0.61635,0.630488) 1
(0.000879,0.000595042) 1
(0.727335,0.773352) 1
(0.417724,0.319178) 1
(0.680562,0.682494) 1
(0.83642,0.205262) 0
(0.828708,0.708921) 1
(0.0817376,0.0945488) 1
(0.629572,0.764005) 1
(0.213547,0.213852) 1
(0.388823,0.0810608) 0
(0.947545,0.95216) 1
(0.269215,0.389854) 1
(0.284035,0.692169) 1
(0.783865,0.776866) 1
(0.282156,0.42246) 1
(0.0113162,0.193967) 1
(0.983236,0.191824) 0
(0.819726,0.244054) 0
(0.398144,0.136455) 0
(0.17688,0.60101) 1
(0.157731,0.828355) 1
(0.257169,0.987937) 1
(0.101637,0.233599) 1
(0.634717,0.219411) 0
(0.79477,0.696007) 1
(0.75294,0.696243) 1
(0.63343,0.669521) 1
(0.598217,0.0564407) 0
(0.318778,0.227008) 1
(0.117437,0.699834) 1
(0.526123,0.762571) 1
(0.587989,0.553911) 1
(0.702989,0.329666) 0
(0.161688,0.143045) 1
(0.860226,0.485325) 0
(0.556836,0.813266) 1
(0.316007,0.738997) 1
(0.528548,0.135332) 0
(0.588119,0.310739) 0
(0.430848,0.518084) 1
(0.370226,0.258843) 1
(0.446866,0.393018) 1
(0.387831,0.475896) 1
(0.0782632,0.279293) 1
(0.253922,0.369742) 1
(0.676237,0.671784) 1
(0.728608,0.513936) 1
(0.944753,0.720768) 1
(0.940163,0.460697) 0
(0.460434,0.32156) 1
(0.661355,0.517145) 1
(0.60564,0.401833) 0
(0.150394,0.986503) 1
(0.343818,0.670098) 1
(0.522808,0.54171) 1
(0.0149506,0.829239) 1
(0.642979,0.27421) 0
(0.917848,0.546137) 0
(0.970087,0.266613) 0
(0.843975,0.246733) 0
(0.455752,0.694024) 1
(0.0220837,0.817101) 1
(0.70695,0.160749) 0
(0.436638,0.707826) 1
(0.75171,0.582421) 1
(0.695679,0.991533) 1
(0.753863,0.279512) 0
(0.00425392,0.171179) 1
(0.0799169,0.495691) 1
(0.903301,0.163081) 0
(0.746679,0.782992) 1
(0.00634169,0.436426) 1
(0.518478,0.584787) 1
(0.544023,0.0668498) 0
(0.215826,0.389731) 1
(0.626861,0.385769) 0
(0.70932,0.659053) 1
(0.280289,0.538661) 1
(0.37191,0.815932) 1
(0.310169,0.686102) 1
(0.103797,0.00934752) 0
(0.77588,0.52096) 1
(0.0552788,0.220685) 1
(0.160274,0.0706349) 0
(0.297022,0.723764) 1
(0.477804,0.0506026) 0
(0.519988,0.457162) 1
(0.150312,0.44649) 1
(0.833682,0.285942) 0
(0.577776,0.695637) 1
(0.331175,0.681164) 1
(0.986883,0.0574753) 0
(0.00165742,0.542393) 1
(0.0293555,0.856193) 1
(0.489652,0.37755) 1
(0.738959,0.576173) 1
(0.536267,0.679332) 1
(0.122507,0.0355877) 0
(0.188276,0.973356) 1
(0.614125,0.351319) 0
(0.125933,0.607611) 1
(0.954028,0.552862) 0
(0.838102,0.356925) 0
(0.259014,0.974252) 1
(0.424336,0.251528) 0
(0.897914,0.813048) 1
(0.760617,0.244586) 0
(0.451851,0.694856) 1
(0.665503,0.26362) 0
(0.209562,0.116571) 0
(0.546975,0.113676) 0
(0.175974,0.00607937) 0
(0.431908,0.599359) 1
(0.687414,0.0825065) 0
(0.836207,0.37531) 0
(0.973346,0.123637) 0
(0.0803531,0.0296353) 0
(0.769437,0.494245) 0
(0.250155,0.93403) 1
(0.769114,0.359658) 0
(0.749252,0.499955) 1
(0.681666,0.671903) 1
(0.0363676,0.75677) 1
(0.221667,0.230572) 1
(0.652622,0.562602) 1
(0.371466,0.61661) 1
(0.233691,0.224801) 1
(0.165928,0.653012) 1
(0.159758,0.744104) 1
(0.661994,0.0476386) 0
(0.949157,0.124945) 0
